SIZES
  narena                14680064
  nbuffer               89296
  nplugin               0
  maxuse_stack          12276
  maxuse_arena          30728
  maxuse_con            3
  maxuse_efc            6
  solver_nisland        1
  ne                    0
  nf                    0
  nl                    6
  nefc                  6
  nnzJ                  138
  ncon                  0
  nisland               0
  threadpool            0

TIMER
    0:  duration =  0.033      number = 1
    1:  duration =  0.032      number = 1
    2:  duration =  0          number = 0
    3:  duration =  0.022      number = 1
    4:  duration =  0.0022     number = 1
    5:  duration =  0.00055    number = 1
    6:  duration =  0.0057     number = 1
    7:  duration =  0.001      number = 1
    8:  duration =  0.0048     number = 1
    9:  duration =  0.0012     number = 1
    10:  duration =  0.014      number = 1
    11:  duration =  0.0018     number = 1
    12:  duration =  5e-05      number = 1
    13:  duration =  0.0087     number = 1
    14:  duration =  0.0046     number = 1

SOLVER STAT
  solver_nisland = 1
  solver_fwdinv =   0         0       
  ISLAND 0
    solver_niter = 1
    solver_nnz = 529
      0:  improvement =  0.0001      gradient =  2.9e-19     lineslope =  0       
          nactive = 6   nchange = 0   neval = 2   nupdate = 0

ENERGY =   0         0       

TIME =  0.28    

QPOS
  -0.00035 
  -0.026   
  -0.23    
   0.62    
   0.68    
   0.033   
  -0.22    
   0.62    
   0.68    
  -0.12    
  -0.23    
   0.61    
   0.67    
   0.86    
  -0.045   
  -0.23    
   1       
   0.052   
  -0.015   
   0.02    
   1       
   0       
   0.00035 
   0       

QVEL
  -0.00026 
  -0.12    
   0.12    
   0.99    
   1.1     
  -0.024   
   0.12    
   1       
   1.1     
  -0.22    
   0.12    
   0.98    
   1       
   3.1     
  -0.0085  
   0.2     
   1       
  -0.00038 
   0       
  -2.8e-06 
   0       
   0.015   
   0       

QACC_WARMSTART
  -0.035   
   7.7     
  -3.4     
   32      
  -1.2e+02 
   3.4     
  -3.4     
   32      
  -1.2e+02 
   12      
  -3.1     
   32      
  -1.2e+02 
   1.4     
   4.1     
   29      
  -92      
   0.0065  
   0       
   0.00026 
   0       
   0.25    
   0       

CTRL
   0       
  -0.023   
  -0.045   
   0.098   
   0.1     
  -0.0037  
  -0.047   
   0.1     
   0.11    
  -0.013   
  -0.047   
   0.1     
   0.11    
   0.02    
  -0.0012  
  -0.032   
   0.1     

QFRC_APPLIED
   0       
   0       
   0       
   0       
   0       
   0       
   0       
   0       
   0       
   0       
   0       
   0       
   0       
   0       
   0       
   0       
   0       
   0       
   0       
   0       
   0       
   0       
   0       

XFRC_APPLIED
   0         0         0         0         0         0       
   0         0         0         0         0         0       
   0         0         0         0         0         0       
   0         0         0         0         0         0       
   0         0         0         0         0         0       
   0         0         0         0         0         0       
   0         0         0         0         0         0       
   0         0         0         0         0         0       
   0         0         0         0         0         0       
   0         0         0         0         0         0       
   0         0         0         0         0         0       
   0         0         0         0         0         0       
   0         0         0         0         0         0       
   0         0         0         0         0         0       
   0         0         0         0         0         0       
   0         0         0         0         0         0       
   0         0         0         0         0         0       
   0         0         0         0         0         0       
   0         0         0         0         0         0       
   0         0         0         0         0         0       
   0         0         0         0         0         0       
   0         0         0         0         0         0       
   0         0         0         0         0         0       
   0         0         0         0         0         0       
   0         0         0         0         0         0       
   0         0         0         0         0         0       
   0         0         0         0         0         0       
   0         0         0         0         0         0       
   0         0         0         0         0         0       
   0         0         0         0         0         0       
   0         0         0         0         0         0       

QACC
  -0.035   
   7.7     
  -3.4     
   32      
  -1.2e+02 
   3.4     
  -3.4     
   32      
  -1.2e+02 
   12      
  -3.1     
   32      
  -1.2e+02 
   1.4     
   4.1     
   29      
  -92      
   0.0065  
   0       
   0.00026 
   0       
   0.25    
   0       

XPOS
   0         0         0       
   0         7.7e-20  -0.00035 
   0        -0.0015   -0.044   
  -2.8e-20   0.015    -0.045   
  -0.012     0.067    -0.05    
   0.0026    0.1      -0.053   
   0.0026    0.1      -0.053   
   0.038     0.12     -0.054   
   0         0.0007   -0.00035 
   0         0.017    -0.00035 
  -0.012     0.07      5.1e-05 
   0.0029    0.11     -0.00044 
   0.0029    0.11     -0.00044 
   0.038     0.12     -0.0016  
   0        -0.0015    0.043   
  -1.1e-19   0.015     0.045   
  -0.012     0.067     0.048   
   0.0023    0.1       0.053   
   0.0023    0.1       0.053   
   0.037     0.12      0.058   
  -0.018    -0.046     0.019   
   0.015    -0.075     0.039   
   0.028    -0.076     0.051   
   0.067    -0.091     0.082   
   0.067    -0.091     0.082   
   0.098    -0.052     0.12    
   0.052    -0.015     0.02    
   0.087    -0.015     0.03    
   0.087    -0.015     0.07    
   0.087    -0.015    -0.00039 
   0.087    -0.015    -0.03    

XQUAT
   1         0         0         0       
   0.71     -0.71      0         0       
   0.68     -0.74     -0.0095   -0.0087  
   0.67     -0.73     -0.085     0.074   
   0.66     -0.72      0.12     -0.15    
   0.59     -0.63      0.34     -0.38    
   0.59     -0.63      0.34     -0.38    
   0.59     -0.63      0.34     -0.38    
   0.71     -0.71      0.012     0.012   
   0.7      -0.7      -0.068     0.091   
   0.69     -0.7       0.15     -0.13    
   0.6      -0.61      0.37     -0.35    
   0.6      -0.61      0.37     -0.35    
   0.6      -0.61      0.37     -0.35    
   0.74     -0.67     -0.041    -0.045   
   0.73     -0.68     -0.12      0.031   
   0.73     -0.65      0.1      -0.17    
   0.66     -0.56      0.33     -0.38    
   0.66     -0.56      0.33     -0.38    
   0.66     -0.56      0.33     -0.38    
   0.63      0.32      0.26      0.66    
   0.62      0.33      0.26      0.67    
   0.64      0.4       0.18      0.63    
   0.48      0.054     0.47      0.74    
   0.48      0.054     0.47      0.74    
   0.48      0.054     0.47      0.74    
   1         0         0.00033   0       
   1         0         0.00033   0       
   1         0         0.00033   0       
   1         0         0.00033   0       
   1         0         0.00033   0       

XMAT
   1         0         0         0         1         0         0         0         1       
   1        -0         0         0         0         1        -0        -1         0       
   1         0.026    -1.7e-18   0.0022   -0.087     1         0.026    -1        -0.087   
   0.97      0.026    -0.22      0.22     -0.087     0.97      0.0054   -1        -0.091   
   0.92      0.026     0.38     -0.38     -0.087     0.92      0.057    -1        -0.071   
   0.48      0.026     0.88     -0.87     -0.087     0.48      0.089    -1        -0.019   
   0.48      0.026     0.88     -0.87     -0.087     0.48      0.089    -1        -0.019   
   0.48      0.026     0.88     -0.87     -0.087     0.48      0.089    -1        -0.019   
   1        -0.033     0         0         0         1        -0.033    -1         0       
   0.97     -0.033    -0.22      0.22     -1.1e-16   0.97     -0.032    -1         0.0074  
   0.92     -0.033     0.39     -0.39     -1.8e-16   0.92     -0.03     -1        -0.013   
   0.47     -0.033     0.88     -0.88     -1.2e-16   0.47     -0.016    -1        -0.029   
   0.47     -0.033     0.88     -0.88     -1.2e-16   0.47     -0.016    -1        -0.029   
   0.47     -0.033     0.88     -0.88     -1.2e-16   0.47     -0.016    -1        -0.029   
   0.99      0.12     -6.9e-18  -0.011     0.087     1         0.12     -0.99      0.087   
   0.97      0.12     -0.22      0.21      0.087     0.97      0.14     -0.99      0.058   
   0.92      0.12      0.37     -0.38      0.087     0.92      0.08     -0.99      0.13    
   0.49      0.12      0.86     -0.87      0.087     0.48     -0.016    -0.99      0.15    
   0.49      0.12      0.86     -0.87      0.087     0.48     -0.016    -0.99      0.15    
   0.49      0.12      0.86     -0.87      0.087     0.48     -0.016    -0.99      0.15    
  -5.6e-17  -0.66      0.75      1        -0.066    -0.057     0.087     0.75      0.65    
  -0.029    -0.66      0.75      0.99     -0.11     -0.057     0.12      0.75      0.65    
   0.15     -0.66      0.74      0.95     -0.11     -0.28      0.27      0.75      0.61    
  -0.54     -0.66      0.52      0.76     -0.11      0.64     -0.37      0.75      0.56    
  -0.54     -0.66      0.52      0.76     -0.11      0.64     -0.37      0.75      0.56    
  -0.54     -0.66      0.52      0.76     -0.11      0.64     -0.37      0.75      0.56    
   1         0         0.00067   0         1         0        -0.00067   0         1       
   1         0         0.00067   0         1         0        -0.00067   0         1       
   1         0         0.00067   0         1         0        -0.00067   0         1       
   1         0         0.00067   0         1         0        -0.00067   0         1       
   1         0         0.00067   0         1         0        -0.00067   0         1       

XIPOS
   0         0         0       
  -0.009    -0.04     -0.0043  
  -0.00078   0.0067   -0.045   
  -0.006     0.041    -0.048   
  -0.0036    0.088    -0.052   
   0.0087    0.11     -0.053   
   0.025     0.11     -0.053   
   0.038     0.12     -0.054   
  -0.00078   0.009    -0.00031 
  -0.006     0.043    -5.7e-05 
  -0.0034    0.091    -0.00015 
   0.009     0.11     -0.00064 
   0.025     0.12     -0.0012  
   0.038     0.12     -0.0016  
  -0.00077   0.0067    0.044   
  -0.006     0.041     0.046   
  -0.0038    0.088     0.051   
   0.0083    0.11      0.054   
   0.024     0.11      0.056   
   0.037     0.12      0.058   
  -0.0042   -0.064     0.019   
   0.021    -0.076     0.044   
   0.044    -0.082     0.063   
   0.073    -0.082     0.089   
   0.088    -0.064     0.1     
   0.098    -0.052     0.12    
   0.052    -0.015     0.02    
   0.087    -0.015     0.03    
   0.087    -0.015     0.07    
   0.087    -0.015    -0.00039 
   0.087    -0.015    -0.03    

XIMAT
   1         0         0         0         1         0         0         0         1       
   1         0.0094    0.0044   -0.01      0.83      0.55      0.0016   -0.55      0.83    
   0.88     -0.48     -0.025     0.48      0.87      0.085    -0.019    -0.086     1       
   0.97      0.026    -0.22      0.22     -0.087     0.97      0.0054   -1        -0.091   
   0.91      0.025     0.41     -0.4      -0.088     0.91      0.059    -1        -0.07    
   0.032     1        -0.026    -1         0.035     0.087     0.088     0.023     1       
   0.48      0.026     0.88     -0.87     -0.087     0.48      0.089    -1        -0.019   
   0.48      0.026     0.88     -0.87     -0.087     0.48      0.089    -1        -0.019   
   0.88     -0.48      0.033     0.48      0.88     -0.0025   -0.028     0.018     1       
   0.97     -0.033    -0.22      0.22     -8.5e-06   0.97     -0.032    -1         0.0074  
   0.91     -0.034     0.41     -0.41     -0.00039   0.91     -0.03     -1        -0.014   
   0.024     1         0.033    -1         0.024    -0.00019  -0.00099  -0.033     1       
   0.47     -0.033     0.88     -0.88     -1.2e-16   0.47     -0.016    -1        -0.029   
   0.47     -0.033     0.88     -0.88     -1.2e-16   0.47     -0.016    -1        -0.029   
   0.87     -0.48     -0.12      0.47      0.88     -0.089     0.15      0.021     0.99    
   0.97      0.12     -0.22      0.21      0.086     0.97      0.14     -0.99      0.058   
   0.91      0.12      0.4      -0.41      0.086     0.91      0.076    -0.99      0.13    
   0.046     0.99     -0.12     -1         0.036    -0.087    -0.082     0.13      0.99    
   0.49      0.12      0.86     -0.87      0.087     0.48     -0.016    -0.99      0.15    
   0.49      0.12      0.86     -0.87      0.087     0.48     -0.016    -0.99      0.15    
  -0.75     -0.011     0.66     -0.046    -1        -0.069     0.66     -0.082     0.75    
   0.34      0.68      0.65      0.84     -0.53      0.11      0.42      0.51     -0.75    
   0.16     -0.66      0.74      0.95     -0.11     -0.3       0.28      0.75      0.6     
  -0.54     -0.65      0.53      0.76     -0.11      0.64     -0.37      0.75      0.55    
  -0.54     -0.66      0.52      0.76     -0.11      0.64     -0.37      0.75      0.56    
  -0.54     -0.66      0.52      0.76     -0.11      0.64     -0.37      0.75      0.56    
   1         0         0.00067   0         1         0        -0.00067   0         1       
   1         0         0.00067   0         1         0        -0.00067   0         1       
   1         0         0.00067   0         1         0        -0.00067   0         1       
   1         0         0.00067   0         1         0        -0.00067   0         1       
   1         0         0.00067   0         1         0        -0.00067   0         1       

XANCHOR
   0         0         0       
   0        -0.0015   -0.044   
  -2.8e-20   0.015    -0.045   
  -0.012     0.067    -0.05    
   0.0026    0.1      -0.053   
   0         0.0007   -0.00035 
   0         0.017    -0.00035 
  -0.012     0.07      5.1e-05 
   0.0029    0.11     -0.00044 
   0        -0.0015    0.043   
  -1.1e-19   0.015     0.045   
  -0.012     0.067     0.048   
   0.0023    0.1       0.053   
  -0.018    -0.046     0.019   
   0.015    -0.075     0.039   
   0.028    -0.076     0.051   
   0.067    -0.091     0.082   
   0.052    -0.015     0.02    

XAXIS
   0        -2.2e-16   1       
   0         1        -0.087   
   0.026    -0.087    -1       
   0.026    -0.087    -1       
   0.026    -0.087    -1       
   0         1         2.2e-16 
  -0.033     2.2e-16  -1       
  -0.033     1.1e-16  -1       
  -0.033     1.1e-16  -1       
   0         1         0.087   
   0.12      0.087    -0.99    
   0.12      0.087    -0.99    
   0.12      0.087    -0.99    
   4.4e-16   1         0.087   
  -0.75      0.057    -0.65    
  -0.66     -0.11      0.75    
  -0.66     -0.11      0.75    
   0         0         1       

GEOM_XPOS
   0         0        -0.1     
  -0.009    -0.04     -0.0043  
  -0.0093   -0.047    -0.00035 
  -0.00078   0.0067   -0.045   
  -1.4e-20   0.0066   -0.045   
  -0.006     0.041    -0.048   
  -0.006     0.041    -0.048   
  -0.0036    0.088    -0.052   
  -0.0047    0.085    -0.052   
   0.0087    0.11     -0.053   
   0.0096    0.11     -0.053   
   0.025     0.11     -0.053   
   0.019     0.11     -0.053   
   0.038     0.12     -0.054   
  -0.00078   0.009    -0.00031 
   0         0.0089   -0.00035 
  -0.006     0.043    -5.7e-05 
  -0.006     0.043    -0.00015 
  -0.0034    0.091    -0.00015 
  -0.0046    0.087    -0.0002  
   0.009     0.11     -0.00064 
   0.0099    0.11     -0.00067 
   0.025     0.12     -0.0012  
   0.02      0.11     -0.00099 
   0.038     0.12     -0.0016  
  -0.00077   0.0067    0.044   
  -5.7e-20   0.0066    0.044   
  -0.006     0.041     0.046   
  -0.006     0.041     0.046   
  -0.0038    0.088     0.051   
  -0.0048    0.085     0.05    
   0.0083    0.11      0.054   
   0.0092    0.11      0.054   
   0.024     0.11      0.056   
   0.019     0.11      0.055   
   0.037     0.12      0.058   
  -0.0042   -0.064     0.019   
  -0.013    -0.065     0.034   
   0.021    -0.076     0.044   
   0.022    -0.075     0.045   
   0.044    -0.082     0.063   
   0.048    -0.083     0.066   
   0.073    -0.082     0.089   
   0.075    -0.08      0.091   
   0.088    -0.064     0.1     
   0.085    -0.068     0.1     
   0.098    -0.052     0.12    
   0.052    -0.015     0.02    
   0.087    -0.015     0.03    
   0.087    -0.015     0.07    
   0.087    -0.015    -0.00039 
   0.087    -0.015    -0.03    

GEOM_XMAT
   1         0         0         0         1         0         0         0         1       
   1        -0.0094   -0.0044   -0.01     -0.83     -0.55      0.0016    0.55     -0.83    
   1        -0         0         0         0         1        -0        -1         0       
   0.88     -0.48     -0.025     0.48      0.87      0.085    -0.019    -0.086     1       
   1         0.026    -1.7e-18   0.0022   -0.087     1         0.026    -1        -0.087   
   0.97      0.026    -0.22      0.22     -0.087     0.97      0.0054   -1        -0.091   
   0.97      0.026    -0.22      0.22     -0.087     0.97      0.0054   -1        -0.091   
   0.91      0.025     0.41     -0.4      -0.088     0.91      0.059    -1        -0.07    
   0.92      0.026     0.38     -0.38     -0.087     0.92      0.057    -1        -0.071   
   0.032     1        -0.026    -1         0.035     0.087     0.088     0.023     1       
   0.48      0.026     0.88     -0.87     -0.087     0.48      0.089    -1        -0.019   
   0.48      0.026     0.88     -0.87     -0.087     0.48      0.089    -1        -0.019   
   0.48      0.026     0.88     -0.87     -0.087     0.48      0.089    -1        -0.019   
   0.48      0.026     0.88     -0.87     -0.087     0.48      0.089    -1        -0.019   
   0.88     -0.48      0.033     0.48      0.88     -0.0025   -0.028     0.018     1       
   1        -0.033     0         0         0         1        -0.033    -1         0       
   0.97     -0.033    -0.22      0.22     -8.5e-06   0.97     -0.032    -1         0.0074  
   0.97     -0.033    -0.22      0.22     -1.1e-16   0.97     -0.032    -1         0.0074  
   0.91     -0.034     0.41     -0.41     -0.00039   0.91     -0.03     -1        -0.014   
   0.92     -0.033     0.39     -0.39     -1.8e-16   0.92     -0.03     -1        -0.013   
   0.024     1         0.033    -1         0.024    -0.00019  -0.00099  -0.033     1       
   0.47     -0.033     0.88     -0.88     -1.2e-16   0.47     -0.016    -1        -0.029   
   0.47     -0.033     0.88     -0.88     -1.2e-16   0.47     -0.016    -1        -0.029   
   0.47     -0.033     0.88     -0.88     -1.2e-16   0.47     -0.016    -1        -0.029   
   0.47     -0.033     0.88     -0.88     -1.2e-16   0.47     -0.016    -1        -0.029   
   0.87     -0.48     -0.12      0.47      0.88     -0.089     0.15      0.021     0.99    
   0.99      0.12     -6.9e-18  -0.011     0.087     1         0.12     -0.99      0.087   
   0.97      0.12     -0.22      0.21      0.086     0.97      0.14     -0.99      0.058   
   0.97      0.12     -0.22      0.21      0.087     0.97      0.14     -0.99      0.058   
   0.91      0.12      0.4      -0.41      0.086     0.91      0.076    -0.99      0.13    
   0.92      0.12      0.37     -0.38      0.087     0.92      0.08     -0.99      0.13    
   0.046     0.99     -0.12     -1         0.036    -0.087    -0.082     0.13      0.99    
   0.49      0.12      0.86     -0.87      0.087     0.48     -0.016    -0.99      0.15    
   0.49      0.12      0.86     -0.87      0.087     0.48     -0.016    -0.99      0.15    
   0.49      0.12      0.86     -0.87      0.087     0.48     -0.016    -0.99      0.15    
   0.49      0.12      0.86     -0.87      0.087     0.48     -0.016    -0.99      0.15    
   0.75     -0.011    -0.66      0.046    -1         0.069    -0.66     -0.082    -0.75    
  -5.6e-17  -0.66      0.75      1        -0.066    -0.057     0.087     0.75      0.65    
   0.34      0.68      0.65      0.84     -0.53      0.11      0.42      0.51     -0.75    
  -0.029    -0.66      0.75      0.99     -0.11     -0.057     0.12      0.75      0.65    
   0.16     -0.66      0.74      0.95     -0.11     -0.3       0.28      0.75      0.6     
   0.15     -0.66      0.74      0.95     -0.11     -0.28      0.27      0.75      0.61    
  -0.54     -0.65      0.53      0.76     -0.11      0.64     -0.37      0.75      0.55    
  -0.54     -0.66      0.52      0.76     -0.11      0.64     -0.37      0.75      0.56    
  -0.54     -0.66      0.52      0.76     -0.11      0.64     -0.37      0.75      0.56    
  -0.54     -0.66      0.52      0.76     -0.11      0.64     -0.37      0.75      0.56    
  -0.54     -0.66      0.52      0.76     -0.11      0.64     -0.37      0.75      0.56    
   1         0         0.00067   0         1         0        -0.00067   0         1       
   1         0         0.00067   0         1         0        -0.00067   0         1       
   1         0         0.00067   0         1         0        -0.00067   0         1       
   1         0         0.00067   0         1         0        -0.00067   0         1       
   1         0         0.00067   0         1         0        -0.00067   0         1       

SITE_XPOS
   0.052    -0.015     0.22    
   0.052    -0.015     0.12    

SITE_XMAT
   1         0         0         0         1         0         0         0         1       
   1         0         0.00067   0         1         0        -0.00067   0         1       

LIGHT_XPOS
   0         0         1       
   0.3       0         1.5     

LIGHT_XDIR
   0         0        -1       
   0         0        -1       

SUBTREE_COM
   0.028    -0.013     0.013   
   0.00049  -0.0099    0.0053  
   0.0018    0.068    -0.05    
   0.0021    0.075    -0.05    
   0.0082    0.1      -0.052   
   0.02      0.11     -0.053   
   0.029     0.12     -0.053   
   0.038     0.12     -0.054   
   0.0019    0.07     -0.00035 
   0.0022    0.077    -0.00036 
   0.0084    0.1      -0.00058 
   0.021     0.12     -0.001   
   0.029     0.12     -0.0013  
   0.038     0.12     -0.0016  
   0.0016    0.068     0.049   
   0.0019    0.075     0.05    
   0.0078    0.1       0.053   
   0.02      0.11      0.056   
   0.028     0.12      0.057   
   0.037     0.12      0.058   
   0.032    -0.072     0.053   
   0.058    -0.077     0.077   
   0.064    -0.077     0.081   
   0.08     -0.074     0.096   
   0.091    -0.06      0.11    
   0.098    -0.052     0.12    
   0.052    -0.015     0.02    
   0.087    -0.015     0.03    
   0.087    -0.015     0.07    
   0.087    -0.015    -0.00039 
   0.087    -0.015    -0.03    

CDOF
   0         0         0         0        -2.2e-16   1       
   0         1        -0.087     0.048    -4.3e-05  -0.00049 
   0.026    -0.087    -1        -0.029    -0.0018   -0.00059 
   0.026    -0.087    -1        -0.082    -0.014    -0.00088 
   0.026    -0.087    -1        -0.12      0.00063  -0.0031  
   0         1         2.2e-16   0.0057    1.1e-19  -0.00049 
  -0.033     2.2e-16  -1        -0.027    -0.0003    0.00089 
  -0.033     1.1e-16  -1        -0.08     -0.012     0.0026  
  -0.033     1.1e-16  -1        -0.11      0.0026    0.0038  
   0         1         0.087    -0.037     4.3e-05  -0.00049 
   0.12      0.087    -0.99     -0.028     0.0043   -0.003   
   0.12      0.087    -0.99     -0.08     -0.0072   -0.01    
   0.12      0.087    -0.99     -0.12      0.0076   -0.014   
   4.4e-16   1         0.087    -0.017     0.0016   -0.019   
  -0.75      0.057    -0.65      0.041    -0.016    -0.048   
  -0.66     -0.11      0.75     -0.044    -0.051    -0.046   
  -0.66     -0.11      0.75     -0.052    -0.1      -0.06    
   0         0         0         1         0         0       
   0         0         0         0         1         0       
   0         0         0         0         0         1       
   1         0        -0.00067   0         6.8e-06   0       
   0         1         0        -6.8e-06   0        -9.5e-05 
   0.00067   0         1        -0         9.5e-05   0       

CINERT
   0         0         0         0         0         0         0         0         0         0       
   0.0008    0.00035   0.00062  -0.0001   -3.2e-05  -0.00013  -0.0033   -0.011    -0.0034    0.35    
   2.1e-05   1.9e-05   2.4e-06   1.9e-07  -4.5e-07   6e-06    -9.2e-06   0.00012  -0.00036   0.0072  
   0.00016   8.1e-05   8.3e-05   1.1e-05  -9.6e-06   7.4e-05  -0.00018   0.0014   -0.0014    0.027   
   0.00024   6.3e-05   0.00018   6.4e-06  -4.2e-06   0.0001   -7.6e-05   0.0018   -0.0011    0.018   
   0.00013   2.7e-05   0.0001   -7.2e-06   3.6e-06   5.1e-05   6.2e-05   0.00087  -0.00044   0.0075  
   0.00013   2.8e-05   0.00011  -2.1e-05   9.8e-06   5e-05     0.00017   0.00085  -0.0004    0.0068  
   7e-05     1.6e-05   6.3e-05  -1.6e-05   7.4e-06   2.6e-05   0.00012   0.00044  -0.0002    0.0034  
   3.6e-06   9.5e-07   2.9e-06   2.1e-07  -6.5e-08   7.7e-07  -9.2e-06   0.00014  -4.1e-05   0.0072  
   9e-05     4.7e-06   9e-05     1.2e-05  -9.6e-07   7.8e-06  -0.00018   0.0015   -0.00015   0.027   
   0.00019   3e-06     0.00019   6.3e-06  -4e-07     1e-05    -7.2e-05   0.0019   -0.0001    0.018   
   0.00011   1.6e-06   0.00011  -7.6e-06   3.7e-07   5.3e-06   6.4e-05   0.00089  -4.5e-05   0.0075  
   0.00011   4.9e-06   0.00012  -2.2e-05   1.1e-06   5.7e-06   0.00017   0.00087  -4.5e-05   0.0068  
   6e-05     5e-06     6.5e-05  -1.7e-05   8.7e-07   3.1e-06   0.00013   0.00045  -2.3e-05   0.0034  
   1.3e-05   1.1e-05   2.4e-06   1.8e-07   4e-07    -4.6e-06  -9.1e-06   0.00012   0.00028   0.0072  
   0.00013   5e-05     8.3e-05   1.1e-05   7.5e-06  -5.7e-05  -0.00018   0.0014    0.0011    0.027   
   0.00022   4e-05     0.00018   6.8e-06   3.5e-06  -8.2e-05  -7.9e-05   0.0018    0.00084   0.018   
   0.00012   1.9e-05   0.0001   -6.9e-06  -2.8e-06  -4.2e-05   5.9e-05   0.00088   0.00036   0.0075  
   0.00012   2.2e-05   0.00011  -2e-05    -8.3e-06  -4.4e-05   0.00016   0.00085   0.00035   0.0068  
   6.8e-05   1.4e-05   6.3e-05  -1.6e-05  -6.5e-06  -2.3e-05   0.00012   0.00044   0.00018   0.0034  
   0.00013   1.8e-05   0.00013  -1e-05     8.2e-07   3.1e-05  -0.00019  -0.0022    0.00056   0.04    
   4.3e-05   1.5e-05   3.5e-05   9.9e-06  -5.7e-06   1.9e-05   0.00015  -0.00048   0.00028   0.0072  
   0.0002    0.00013   0.00016   7.2e-05  -5.9e-05   9.5e-05   0.00098  -0.0016    0.0013    0.022   
   0.0002    0.0002    0.00017   8.5e-05  -0.0001    9.8e-05   0.0012   -0.0012    0.0014    0.016   
   8.8e-05   0.00012   7.3e-05   3.2e-05  -6e-05     3.7e-05   0.0006   -0.00037   0.00068   0.0068  
   4.7e-05   7.3e-05   3.8e-05   1.4e-05  -3.6e-05   1.5e-05   0.00033  -0.00014   0.00037   0.0034  
   0.0028    0.0028    0.00047   0        -1.6e-06   0        -7.3e-05   0         5.3e-06   0.77    
   5.7e-08   7e-07     6.4e-07   0        -1.8e-07   0         1.8e-05   0         5.2e-06   0.00052 
   1.3e-06   2e-06     6.4e-07   0        -9.1e-07   0         1.8e-05   0         2.6e-05   0.00052 
   2.2e-07   8.5e-07   6.4e-07   0         3.7e-07   0         1.8e-05   0        -1e-05     0.00052 
   1.3e-06   2e-06     6.4e-07   0         9.1e-07   0         1.8e-05   0        -2.6e-05   0.00052 

TEN_LENGTH
   0.1     

TEN_MOMENT
   0         0         0         0         0         0         0         0         0         0         0         0         0         0         0         0         0        -0.00066   0        -1         0         6.2e-07   0       

TENDON 0: 2 wrap points
    -1:    0.052    -0.015     0.12    
    -1:    0.052    -0.015     0.22    

ACTUATOR_LENGTH
  -0.00035 
  -0.12    
  -0.23    
   0.61    
   0.67    
   0.033   
  -0.22    
   0.62    
   0.68    
  -0.026   
  -0.23    
   0.62    
   0.68    
   0.85    
  -0.045   
  -0.23    
   1       

ACTUATOR_MOMENT
   1         0         0         0         0         0         0         0         0         0         0         0         0         0         0         0         0         0         0         0         0         0         0       
   0         0         0         0         0         0         0         0         0         1         0         0         0         0         0         0         0         0         0         0         0         0         0       
   0         0         0         0         0         0         0         0         0         0         1         0         0         0         0         0         0         0         0         0         0         0         0       
   0         0         0         0         0         0         0         0         0         0         0         1         0         0         0         0         0         0         0         0         0         0         0       
   0         0         0         0         0         0         0         0         0         0         0         0         1         0         0         0         0         0         0         0         0         0         0       
   0         0         0         0         0         1         0         0         0         0         0         0         0         0         0         0         0         0         0         0         0         0         0       
   0         0         0         0         0         0         1         0         0         0         0         0         0         0         0         0         0         0         0         0         0         0         0       
   0         0         0         0         0         0         0         1         0         0         0         0         0         0         0         0         0         0         0         0         0         0         0       
   0         0         0         0         0         0         0         0         1         0         0         0         0         0         0         0         0         0         0         0         0         0         0       
   0         1         0         0         0         0         0         0         0         0         0         0         0         0         0         0         0         0         0         0         0         0         0       
   0         0         1         0         0         0         0         0         0         0         0         0         0         0         0         0         0         0         0         0         0         0         0       
   0         0         0         1         0         0         0         0         0         0         0         0         0         0         0         0         0         0         0         0         0         0         0       
   0         0         0         0         1         0         0         0         0         0         0         0         0         0         0         0         0         0         0         0         0         0         0       
   0         0         0         0         0         0         0         0         0         0         0         0         0         1         0         0         0         0         0         0         0         0         0       
   0         0         0         0         0         0         0         0         0         0         0         0         0         0         1         0         0         0         0         0         0         0         0       
   0         0         0         0         0         0         0         0         0         0         0         0         0         0         0         1         0         0         0         0         0         0         0       
   0         0         0         0         0         0         0         0         0         0         0         0         0         0         0         0         1         0         0         0         0         0         0       

CRB
   0         0         0         0         0         0         0         0         0         0       
   0.0035    0.0013    0.0029    2.1e-05  -0.00029   0.00026   1.7e-18  -1.7e-18   4.3e-19   0.66    
   0.00075   0.00023   0.00054  -2.7e-05   6.5e-06   0.00031   9.1e-05   0.0055   -0.0039    0.071   
   0.00073   0.00021   0.00054  -2.7e-05   6.9e-06   0.0003    0.0001    0.0054   -0.0035    0.063   
   0.00057   0.00013   0.00046  -3.8e-05   1.7e-05   0.00023   0.00028   0.004    -0.0021    0.036   
   0.00033   7.2e-05   0.00028  -4.4e-05   2.1e-05   0.00013   0.00035   0.0022   -0.001     0.018   
   0.0002    4.5e-05   0.00017  -3.7e-05   1.7e-05   7.6e-05   0.00029   0.0013   -0.0006    0.01    
   7e-05     1.6e-05   6.3e-05  -1.6e-05   7.4e-06   2.6e-05   0.00012   0.00044  -0.0002    0.0034  
   0.00056   2e-05     0.00057  -2.8e-05   9.2e-07   3.3e-05   0.0001    0.0057   -0.0004    0.071   
   0.00056   1.9e-05   0.00057  -2.8e-05   9.9e-07   3.2e-05   0.00011   0.0055   -0.00036   0.063   
   0.00047   1.5e-05   0.00048  -4e-05     1.9e-06   2.4e-05   0.00029   0.0041   -0.00021   0.036   
   0.00028   1.2e-05   0.00029  -4.6e-05   2.4e-06   1.4e-05   0.00036   0.0022   -0.00011   0.018   
   0.00017   1e-05     0.00018  -3.8e-05   2e-06     8.8e-06   0.0003    0.0013   -6.8e-05   0.01    
   6e-05     5e-06     6.5e-05  -1.7e-05   8.7e-07   3.1e-06   0.00013   0.00045  -2.3e-05   0.0034  
   0.00067   0.00016   0.00054  -2.5e-05  -6.2e-06  -0.00025   7.8e-05   0.0055    0.0031    0.071   
   0.00066   0.00014   0.00054  -2.5e-05  -6.6e-06  -0.00025   8.7e-05   0.0054    0.0028    0.063   
   0.00053   9.5e-05   0.00046  -3.6e-05  -1.4e-05  -0.00019   0.00026   0.004     0.0017    0.036   
   0.00031   5.5e-05   0.00028  -4.3e-05  -1.8e-05  -0.00011   0.00034   0.0022    0.00089   0.018   
   0.00019   3.6e-05   0.00017  -3.6e-05  -1.5e-05  -6.7e-05   0.00028   0.0013    0.00053   0.01    
   6.8e-05   1.4e-05   6.3e-05  -1.6e-05  -6.5e-06  -2.3e-05   0.00012   0.00044   0.00018   0.0034  
   0.00071   0.00056   0.00061   0.0002   -0.00026   0.0003    0.0031   -0.006     0.0046    0.096   
   0.00058   0.00054   0.00049   0.00021  -0.00026   0.00026   0.0032   -0.0038    0.004     0.056   
   0.00053   0.00052   0.00045   0.0002   -0.00025   0.00025   0.0031   -0.0033    0.0037    0.049   
   0.00034   0.0004    0.00029   0.00013  -0.0002    0.00015   0.0021   -0.0017    0.0024    0.027   
   0.00013   0.00019   0.00011   4.6e-05  -9.6e-05   5.2e-05   0.00093  -0.00051   0.001     0.01    
   4.7e-05   7.3e-05   3.8e-05   1.4e-05  -3.6e-05   1.5e-05   0.00033  -0.00014   0.00037   0.0034  
   0.0028    0.0028    0.00047   0        -1.4e-06   0         8.6e-18   0        -9.2e-19   0.77    
   5.7e-08   7e-07     6.4e-07   0        -1.8e-07   0         1.8e-05   0         5.2e-06   0.00052 
   1.3e-06   2e-06     6.4e-07   0        -9.1e-07   0         1.8e-05   0         2.6e-05   0.00052 
   2.2e-07   8.5e-07   6.4e-07   0         3.7e-07   0         1.8e-05   0        -1e-05     0.00052 
   1.3e-06   2e-06     6.4e-07   0         9.1e-07   0         1.8e-05   0        -2.6e-05   0.00052 

QM
   0.66     -0.00012   0.00011   9.4e-05   3.2e-05  -0.00014  -0.00013  -3.9e-05  -5.8e-06  -0.00011   0.00045   8.2e-05  -5.2e-06  -0.0048   -3.5e-05   0.00024  -0.00025   0         0         0         0         0         0       
  -0.00012   1.8e-05   1.7e-07   3e-08     2.9e-11   0         0         0         0         0         0         0         0         0         0         0         0         0         0         0         0         0         0       
   0.00011   1.7e-07   0.00032   0.00013   2.8e-05   0         0         0         0         0         0         0         0         0         0         0         0         0         0         0         0         0         0       
   9.4e-05   3e-08     0.00013   7.2e-05   2.2e-05   0         0         0         0         0         0         0         0         0         0         0         0         0         0         0         0         0         0       
   3.2e-05   2.9e-11   2.8e-05   2.2e-05   1.1e-05   0         0         0         0         0         0         0         0         0         0         0         0         0         0         0         0         0         0       
  -0.00014   0         0         0         0         1.8e-05   1.7e-07   3e-08     2.7e-11   0         0         0         0         0         0         0         0         0         0         0         0         0         0       
  -0.00013   0         0         0         0         1.7e-07   0.00032   0.00013   2.7e-05   0         0         0         0         0         0         0         0         0         0         0         0         0         0       
  -3.9e-05   0         0         0         0         3e-08     0.00013   7.2e-05   2.2e-05   0         0         0         0         0         0         0         0         0         0         0         0         0         0       
  -5.8e-06   0         0         0         0         2.7e-11   2.7e-05   2.2e-05   1.1e-05   0         0         0         0         0         0         0         0         0         0         0         0         0         0       
  -0.00011   0         0         0         0         0         0         0         0         1.7e-05   1.7e-07   3e-08     3.2e-11   0         0         0         0         0         0         0         0         0         0       
   0.00045   0         0         0         0         0         0         0         0         1.7e-07   0.00032   0.00013   2.8e-05   0         0         0         0         0         0         0         0         0         0       
   8.2e-05   0         0         0         0         0         0         0         0         3e-08     0.00013   7.2e-05   2.2e-05   0         0         0         0         0         0         0         0         0         0       
  -5.2e-06   0         0         0         0         0         0         0         0         3.2e-11   2.8e-05   2.2e-05   1.1e-05   0         0         0         0         0         0         0         0         0         0       
  -0.0048    0         0         0         0         0         0         0         0         0         0         0         0         0.00061   1.5e-05  -1.3e-05  -1.1e-06   0         0         0         0         0         0       
  -3.5e-05   0         0         0         0         0         0         0         0         0         0         0         0         1.5e-05   1.1e-05   7.6e-09  -2.9e-09   0         0         0         0         0         0       
   0.00024   0         0         0         0         0         0         0         0         0         0         0         0        -1.3e-05   7.6e-09   0.00016   4.9e-05   0         0         0         0         0         0       
  -0.00025   0         0         0         0         0         0         0         0         0         0         0         0        -1.1e-06  -2.9e-09   4.9e-05   3e-05     0         0         0         0         0         0       
   0         0         0         0         0         0         0         0         0         0         0         0         0         0         0         0         0         0.77      0         0         0        -5.3e-06   0       
   0         0         0         0         0         0         0         0         0         0         0         0         0         0         0         0         0         0         0.77      0         5.2e-06   0         7.3e-05 
   0         0         0         0         0         0         0         0         0         0         0         0         0         0         0         0         0         0         0         0.77      0        -7.3e-05   0       
   0         0         0         0         0         0         0         0         0         0         0         0         0         0         0         0         0         0         5.2e-06   0         0.0028    0         1.8e-07 
   0         0         0         0         0         0         0         0         0         0         0         0         0         0         0         0         0        -5.3e-06   0        -7.3e-05   0         0.0028    0       
   0         0         0         0         0         0         0         0         0         0         0         0         0         0         0         0         0         0         7.3e-05   0         1.8e-07   0         0.00047 

QLD
   0.61     -7        -0.69      1.1       2.9      -7.5      -0.61     -0.98     -0.52     -6.5       3.4       3.3      -0.47     -8        -3.1       9        -8.6       0         0         0         0         0         0       
  -7         1.8e-05   0.0014    0.0011    2.6e-06   0         0         0         0         0         0         0         0         0         0         0         0         0         0         0         0         0         0       
  -0.69      0.0014    6.9e-05   2.5       2.5       0         0         0         0         0         0         0         0         0         0         0         0         0         0         0         0         0         0       
   1.1       0.0011    2.5       2.8e-05   2         0         0         0         0         0         0         0         0         0         0         0         0         0         0         0         0         0         0       
   2.9       2.6e-06   2.5       2         1.1e-05   0         0         0         0         0         0         0         0         0         0         0         0         0         0         0         0         0         0       
  -7.5       0         0         0         0         1.8e-05   0.0014    0.001     2.4e-06   0         0         0         0         0         0         0         0         0         0         0         0         0         0       
  -0.61      0         0         0         0         0.0014    6.9e-05   2.5       2.5       0         0         0         0         0         0         0         0         0         0         0         0         0         0       
  -0.98      0         0         0         0         0.001     2.5       2.8e-05   2         0         0         0         0         0         0         0         0         0         0         0         0         0         0       
  -0.52      0         0         0         0         2.4e-06   2.5       2         1.1e-05   0         0         0         0         0         0         0         0         0         0         0         0         0         0       
  -6.5       0         0         0         0         0         0         0         0         1.7e-05   0.0014    0.0011    2.8e-06   0         0         0         0         0         0         0         0         0         0       
   3.4       0         0         0         0         0         0         0         0         0.0014    6.9e-05   2.5       2.5       0         0         0         0         0         0         0         0         0         0       
   3.3       0         0         0         0         0         0         0         0         0.0011    2.5       2.8e-05   2         0         0         0         0         0         0         0         0         0         0       
  -0.47      0         0         0         0         0         0         0         0         2.8e-06   2.5       2         1.1e-05   0         0         0         0         0         0         0         0         0         0       
  -8         0         0         0         0         0         0         0         0         0         0         0         0         0.00059   1.3      -0.15     -0.036     0         0         0         0         0         0       
  -3.1       0         0         0         0         0         0         0         0         0         0         0         0         1.3       1.1e-05   0.00017  -9.9e-05   0         0         0         0         0         0       
   9         0         0         0         0         0         0         0         0         0         0         0         0        -0.15      0.00017   7.4e-05   1.7       0         0         0         0         0         0       
  -8.6       0         0         0         0         0         0         0         0         0         0         0         0        -0.036    -9.9e-05   1.7       3e-05     0         0         0         0         0         0       
   0         0         0         0         0         0         0         0         0         0         0         0         0         0         0         0         0         0.77      0        -1.8e-07   0        -0.0019    0       
   0         0         0         0         0         0         0         0         0         0         0         0         0         0         0         0         0         0         0.77      0         0.0019    0         0.15    
   0         0         0         0         0         0         0         0         0         0         0         0         0         0         0         0         0        -1.8e-07   0         0.77      0        -0.026     0       
   0         0         0         0         0         0         0         0         0         0         0         0         0         0         0         0         0         0         0.0019    0         0.0028    0         0.00039 
   0         0         0         0         0         0         0         0         0         0         0         0         0         0         0         0         0        -0.0019    0        -0.026     0         0.0028    0       
   0         0         0         0         0         0         0         0         0         0         0         0         0         0         0         0         0         0         0.15      0         0.00039   0         0.00047 

QLDIAGINV
   1.6     
   5.6e+04 
   1.4e+04 
   3.5e+04 
   9e+04   
   5.6e+04 
   1.4e+04 
   3.5e+04 
   9e+04   
   5.7e+04 
   1.5e+04 
   3.5e+04 
   9e+04   
   1.7e+03 
   8.8e+04 
   1.4e+04 
   3.4e+04 
   1.3     
   1.3     
   1.3     
   3.6e+02 
   3.6e+02 
   2.1e+03 

QLDIAGSQRTINV
   1.3     
   2.4e+02 
   1.2e+02 
   1.9e+02 
   3e+02   
   2.4e+02 
   1.2e+02 
   1.9e+02 
   3e+02   
   2.4e+02 
   1.2e+02 
   1.9e+02 
   3e+02   
   41      
   3e+02   
   1.2e+02 
   1.8e+02 
   1.1     
   1.1     
   1.1     
   19      
   19      
   46      

D_rownnz              17 5 5 5 5 5 5 5 5 5 5 5 5 5 5 5 5 6 6 6 6 6 6

D_rowadr              0 17 22 27 32 37 42 47 52 57 62 67 72 77 82 87 92 97 103 109 115 121 127

D_colind              0 1 2 3 4 5 6 7 8 9 10 11 12 13 14 15 16 0 1 2 3 4 0 1 2 3 4 0 1 2 3 4 0 1 2 3 4 0 5 6 7 8 0 5 6 7 8 0 5 6 7 8 0 5 6 7 8 0 9 10 11 12 0 9 10 11 12 0 9 10 11 12 0 9 10 11 12 0 13 14 15 16 0 13 14 15 16 0 13 14 15 16 0 13 14 15 16 17 18 19 20 21 22 17 18 19 20 21 22 17 18 19 20 21 22 17 18 19 20 21 22 17 18 19 20 21 22 17 18 19 20 21 22

B_rownnz              23 17 5 5 5 5 5 5 5 5 5 5 5 5 5 5 5 5 5 5 5 5 5 5 5 5 6 6 6 6 6

B_rowadr              0 23 40 45 50 55 60 65 70 75 80 85 90 95 100 105 110 115 120 125 130 135 140 145 150 155 160 166 172 178 184

B_colind              0 1 2 3 4 5 6 7 8 9 10 11 12 13 14 15 16 17 18 19 20 21 22 0 1 2 3 4 5 6 7 8 9 10 11 12 13 14 15 16 0 1 2 3 4 0 1 2 3 4 0 1 2 3 4 0 1 2 3 4 0 1 2 3 4 0 1 2 3 4 0 5 6 7 8 0 5 6 7 8 0 5 6 7 8 0 5 6 7 8 0 5 6 7 8 0 5 6 7 8 0 9 10 11 12 0 9 10 11 12 0 9 10 11 12 0 9 10 11 12 0 9 10 11 12 0 9 10 11 12 0 13 14 15 16 0 13 14 15 16 0 13 14 15 16 0 13 14 15 16 0 13 14 15 16 0 13 14 15 16 17 18 19 20 21 22 17 18 19 20 21 22 17 18 19 20 21 22 17 18 19 20 21 22 17 18 19 20 21 22

QDERIV
   0         0         0         0         0         0         0         0         0         0         0         0         0         0         0         0         0         0         0         0         0         0         0       
   0         0         0         0         0         0         0         0         0         0         0         0         0         0         0         0         0         0         0         0         0         0         0       
   0         0         0         0         0         0         0         0         0         0         0         0         0         0         0         0         0         0         0         0         0         0         0       
   0         0         0         0         0         0         0         0         0         0         0         0         0         0         0         0         0         0         0         0         0         0         0       
   0         0         0         0         0         0         0         0         0         0         0         0         0         0         0         0         0         0         0         0         0         0         0       
   0         0         0         0         0         0         0         0         0         0         0         0         0         0         0         0         0         0         0         0         0         0         0       
   0         0         0         0         0         0         0         0         0         0         0         0         0         0         0         0         0         0         0         0         0         0         0       
   0         0         0         0         0         0         0         0         0         0         0         0         0         0         0         0         0         0         0         0         0         0         0       
   0         0         0         0         0         0         0         0         0         0         0         0         0         0         0         0         0         0         0         0         0         0         0       
   0         0         0         0         0         0         0         0         0         0         0         0         0         0         0         0         0         0         0         0         0         0         0       
   0         0         0         0         0         0         0         0         0         0         0         0         0         0         0         0         0         0         0         0         0         0         0       
   0         0         0         0         0         0         0         0         0         0         0         0         0         0         0         0         0         0         0         0         0         0         0       
   0         0         0         0         0         0         0         0         0         0         0         0         0         0         0         0         0         0         0         0         0         0         0       
   0         0         0         0         0         0         0         0         0         0         0         0         0         0         0         0         0         0         0         0         0         0         0       
   0         0         0         0         0         0         0         0         0         0         0         0         0         0         0         0         0         0         0         0         0         0         0       
   0         0         0         0         0         0         0         0         0         0         0         0         0         0         0         0         0         0         0         0         0         0         0       
   0         0         0         0         0         0         0         0         0         0         0         0         0         0         0         0         0         0         0         0         0         0         0       
   0         0         0         0         0         0         0         0         0         0         0         0         0         0         0         0         0         0         0         0         0         0         0       
   0         0         0         0         0         0         0         0         0         0         0         0         0         0         0         0         0         0         0         0         0         0         0       
   0         0         0         0         0         0         0         0         0         0         0         0         0         0         0         0         0         0         0         0         0         0         0       
   0         0         0         0         0         0         0         0         0         0         0         0         0         0         0         0         0         0         0         0         0         0         0       
   0         0         0         0         0         0         0         0         0         0         0         0         0         0         0         0         0         0         0         0         0         0         0       
   0         0         0         0         0         0         0         0         0         0         0         0         0         0         0         0         0         0         0         0         0         0         0       

QLU
   0         0         0         0         0         0         0         0         0         0         0         0         0         0         0         0         0         0         0         0         0         0         0       
   0         0         0         0         0         0         0         0         0         0         0         0         0         0         0         0         0         0         0         0         0         0         0       
   0         0         0         0         0         0         0         0         0         0         0         0         0         0         0         0         0         0         0         0         0         0         0       
   0         0         0         0         0         0         0         0         0         0         0         0         0         0         0         0         0         0         0         0         0         0         0       
   0         0         0         0         0         0         0         0         0         0         0         0         0         0         0         0         0         0         0         0         0         0         0       
   0         0         0         0         0         0         0         0         0         0         0         0         0         0         0         0         0         0         0         0         0         0         0       
   0         0         0         0         0         0         0         0         0         0         0         0         0         0         0         0         0         0         0         0         0         0         0       
   0         0         0         0         0         0         0         0         0         0         0         0         0         0         0         0         0         0         0         0         0         0         0       
   0         0         0         0         0         0         0         0         0         0         0         0         0         0         0         0         0         0         0         0         0         0         0       
   0         0         0         0         0         0         0         0         0         0         0         0         0         0         0         0         0         0         0         0         0         0         0       
   0         0         0         0         0         0         0         0         0         0         0         0         0         0         0         0         0         0         0         0         0         0         0       
   0         0         0         0         0         0         0         0         0         0         0         0         0         0         0         0         0         0         0         0         0         0         0       
   0         0         0         0         0         0         0         0         0         0         0         0         0         0         0         0         0         0         0         0         0         0         0       
   0         0         0         0         0         0         0         0         0         0         0         0         0         0         0         0         0         0         0         0         0         0         0       
   0         0         0         0         0         0         0         0         0         0         0         0         0         0         0         0         0         0         0         0         0         0         0       
   0         0         0         0         0         0         0         0         0         0         0         0         0         0         0         0         0         0         0         0         0         0         0       
   0         0         0         0         0         0         0         0         0         0         0         0         0         0         0         0         0         0         0         0         0         0         0       
   0         0         0         0         0         0         0         0         0         0         0         0         0         0         0         0         0         0         0         0         0         0         0       
   0         0         0         0         0         0         0         0         0         0         0         0         0         0         0         0         0         0         0         0         0         0         0       
   0         0         0         0         0         0         0         0         0         0         0         0         0         0         0         0         0         0         0         0         0         0         0       
   0         0         0         0         0         0         0         0         0         0         0         0         0         0         0         0         0         0         0         0         0         0         0       
   0         0         0         0         0         0         0         0         0         0         0         0         0         0         0         0         0         0         0         0         0         0         0       
   0         0         0         0         0         0         0         0         0         0         0         0         0         0         0         0         0         0         0         0         0         0         0       

CONTACT
EFC_TYPE
  3
  3
  3
  3
  3
  4

EFC_ID
  0
  2
  6
  10
  15
  0

EFC_J
   1         0         0         0         0         0         0         0         0         0         0         0         0         0         0         0         0         0         0         0         0         0         0       
   0         0         1         0         0         0         0         0         0         0         0         0         0         0         0         0         0         0         0         0         0         0         0       
   0         0         0         0         0         0         1         0         0         0         0         0         0         0         0         0         0         0         0         0         0         0         0       
   0         0         0         0         0         0         0         0         0         0         1         0         0         0         0         0         0         0         0         0         0         0         0       
   0         0         0         0         0         0         0         0         0         0         0         0         0         0         0         1         0         0         0         0         0         0         0       
  -0        -0        -0        -0        -0        -0        -0        -0        -0        -0        -0        -0        -0        -0        -0        -0        -0         0.00066  -0         1        -0        -6.2e-07  -0       

EFC_POS
  -0.00035 
  -0.03    
  -0.028   
  -0.03    
  -0.044   
  -0.00037 

EFC_MARGIN
   0       
   0       
   0       
   0       
   0       
   0       

EFC_FRICTIONLOSS
   0       
   0       
   0       
   0       
   0       
   0       

EFC_DIAGAPPROX
   1.5     
   2.1e+04 
   2.1e+04 
   2.1e+04 
   2.3e+04 
   1.3     

EFC_KBIP
   2.8e+03   1.1e+02   0.91     -69      
   2.8e+03   1.1e+02   0.95      0       
   2.8e+03   1.1e+02   0.95      0       
   2.8e+03   1.1e+02   0.95      0       
   2.8e+03   1.1e+02   0.95      0       
   2.8e+03   1.1e+02   0.91     -73      

EFC_D
   6.8     
   0.00089 
   0.00089 
   0.00089 
   0.00083 
   8.1     

EFC_R
   0.15    
   1.1e+03 
   1.1e+03 
   1.1e+03 
   1.2e+03 
   0.12    

TEN_VELOCITY
   3.6e-06 

ACTUATOR_VELOCITY
  -0.00027 
  -0.22    
   0.12    
   0.98    
   1.1     
  -0.025   
   0.12    
   1       
   1.1     
  -0.12    
   0.12    
   1       
   1.1     
   3.1     
  -0.009   
   0.2     
   1       

CVEL
   0         0         0         0         0         0       
   0         0         0         0         6e-20    -0.00027 
   0        -0.12      0.011    -0.0059    5.2e-06  -0.00021 
   0.0032   -0.13     -0.11     -0.0095   -0.00022  -0.00028 
   0.029    -0.22     -1.1      -0.091    -0.014    -0.0012  
   0.056    -0.31     -2.2      -0.22     -0.013    -0.0045  
   0.056    -0.31     -2.2      -0.22     -0.013    -0.0045  
   0.056    -0.31     -2.2      -0.22     -0.013    -0.0045  
   0        -0.025    -5.5e-18  -0.00014   5.7e-20  -0.00026 
  -0.0041   -0.025    -0.12     -0.0035   -3.8e-05  -0.00015 
  -0.038    -0.025    -1.1      -0.084    -0.013     0.0025  
  -0.073    -0.025    -2.2      -0.21     -0.0098    0.0066  
  -0.073    -0.025    -2.2      -0.21     -0.0098    0.0066  
  -0.073    -0.025    -2.2      -0.21     -0.0098    0.0066  
   0        -0.22     -0.019     0.0081   -9.3e-06  -0.00016 
   0.015    -0.21     -0.14      0.0047    0.00051  -0.00054 
   0.13     -0.12     -1.1      -0.074    -0.0066   -0.011   
   0.26     -0.031    -2.2      -0.2       0.0014   -0.025   
   0.26     -0.031    -2.2      -0.2       0.0014   -0.025   
   0.26     -0.031    -2.2      -0.2       0.0014   -0.025   
   1.4e-15   3.1       0.27     -0.052     0.0051   -0.058   
   0.0068    3.1       0.28     -0.052     0.0052   -0.058   
  -0.13      3.1       0.43     -0.061    -0.0051   -0.067   
  -0.82      3         1.2      -0.12     -0.11     -0.13    
  -0.82      3         1.2      -0.12     -0.11     -0.13    
  -0.82      3         1.2      -0.12     -0.11     -0.13    
   0         0.014     0        -0.00039   0        -4.7e-06 
   0         0.014     0        -0.00039   0        -4.7e-06 
   0         0.014     0        -0.00039   0        -4.7e-06 
   0         0.014     0        -0.00039   0        -4.7e-06 
   0         0.014     0        -0.00039   0        -4.7e-06 

CDOF_DOT
   0         0         0         0         0         0       
  -0         0         0         0.00027   0         0       
   0.12      0.00027   0.0031    6.8e-05  -0.0062   -0.003   
   0.12      0.00027   0.0031   -0.0013   -0.00024  -0.01    
   0.12      0.00027   0.0031    0.015     0.039    -0.017   
   0         0         0         0.00027   0         0       
   0.025     1.8e-19  -0.00082  -2.2e-05  -0.00013  -0.00067 
   0.025    -3.5e-18  -0.00082  -0.0016    0.0064   -0.0019  
   0.025    -1.4e-17  -0.00082   0.015     0.047    -0.0034  
   0         0         0         0.00027   0         0       
   0.22     -0.0023    0.026     0.00077   0.0085   -0.0053  
   0.22     -0.0023    0.026     0.0007    0.016    -0.016   
   0.22     -0.0023    0.026     0.017     0.056    -0.019   
   0         0         0         0.00027  -1.2e-19  -2.7e-35 
  -2        -0.2       2.3      -0.14      0.021    -0.12    
   2.3      -0.19      2        -0.13      0.065     0.15    
   2.3      -0.19      2        -0.15      0.06      0.17    
   0         0         0         0         0         0       
   0         0         0         0         0         0       
   0         0         0         0         0         0       
  -0         0         0         0        -3.6e-06   0       
   0         0         0         3.3e-06   0        -0.00039 
   0         0         0         0         0.00039   0       

QFRC_BIAS
   6.4     
  -0.0012  
   0.00091 
   0.0009  
   0.00033 
  -0.0013  
  -0.0014  
  -0.00042 
  -4.5e-05 
  -0.0011  
   0.0043  
   0.00078 
  -4.1e-05 
  -0.048   
  -0.0004  
   0.0025  
  -0.0019  
  -1.5e-08 
   0       
   7.6     
   0       
  -0.00072 
   0       

QFRC_SPRING
   0       
   0       
   0       
   0       
   0       
   0       
   0       
   0       
   0       
   0       
   0       
   0       
   0       
   0       
   0       
   0       
   0       
   0       
   0       
   0       
   0       
   0       
   0       

QFRC_DAMPER
   2.7e-05 
   0.012   
  -0.012   
  -0.1     
  -0.11    
   0.0025  
  -0.012   
  -0.1     
  -0.11    
   0.022   
  -0.012   
  -0.098   
  -0.11    
  -0.31    
   0.0009  
  -0.02    
  -0.1     
   0       
   0       
   0       
   0       
   0       
   0       

QFRC_GRAVCOMP
   0       
   0       
   0       
   0       
   0       
   0       
   0       
   0       
   0       
   0       
   0       
   0       
   0       
   0       
   0       
   0       
   0       
   0       
   0       
   0       
   0       
   0       
   0       

QFRC_FLUID
   0       
   0       
   0       
   0       
   0       
   0       
   0       
   0       
   0       
   0       
   0       
   0       
   0       
   0       
   0       
   0       
   0       
   0       
   0       
   0       
   0       
   0       
   0       

QFRC_PASSIVE
   2.7e-05 
   0.012   
  -0.012   
  -0.1     
  -0.11    
   0.0025  
  -0.012   
  -0.1     
  -0.11    
   0.022   
  -0.012   
  -0.098   
  -0.11    
  -0.31    
   0.0009  
  -0.02    
  -0.1     
   0       
   0       
   0       
   0       
   0       
   0       

EFC_VEL
  -0.00027 
   0.12    
   0.12    
   0.12    
   0.2     
  -3.6e-06 

EFC_AREF
   0.9     
   65      
   62      
   66      
   95      
   0.93    

SUBTREE_LINVEL
   0         0         0       
   0         0         0       
   0         0         0       
   0         0         0       
   0         0         0       
   0         0         0       
   0         0         0       
   0         0         0       
   0         0         0       
   0         0         0       
   0         0         0       
   0         0         0       
   0         0         0       
   0         0         0       
   0         0         0       
   0         0         0       
   0         0         0       
   0         0         0       
   0         0         0       
   0         0         0       
   0         0         0       
   0         0         0       
   0         0         0       
   0         0         0       
   0         0         0       
   0         0         0       
   0         0         0       
   0         0         0       
   0         0         0       
   0         0         0       
   0         0         0       

SUBTREE_ANGMOM
   0         0         0       
   0         0         0       
   0         0         0       
   0         0         0       
   0         0         0       
   0         0         0       
   0         0         0       
   0         0         0       
   0         0         0       
   0         0         0       
   0         0         0       
   0         0         0       
   0         0         0       
   0         0         0       
   0         0         0       
   0         0         0       
   0         0         0       
   0         0         0       
   0         0         0       
   0         0         0       
   0         0         0       
   0         0         0       
   0         0         0       
   0         0         0       
   0         0         0       
   0         0         0       
   0         0         0       
   0         0         0       
   0         0         0       
   0         0         0       
   0         0         0       

ACTUATOR_FORCE
   0.039   
  -0.023   
  -0.045   
   0.098   
   0.1     
  -0.0037  
  -0.047   
   0.1     
   0.11    
  -0.013   
  -0.047   
   0.1     
   0.11    
   0.26    
  -0.0012  
  -0.032   
   0.1     

QFRC_ACTUATOR
   0.039   
  -0.013   
  -0.047   
   0.1     
   0.11    
  -0.0037  
  -0.047   
   0.1     
   0.11    
  -0.023   
  -0.045   
   0.098   
   0.1     
   0.26    
  -0.0012  
  -0.032   
   0.1     
   0       
   0       
   0       
   0       
   0       
   0       

QFRC_SMOOTH
  -6.4     
   0.00014 
  -0.061   
  -0.00073 
  -0.0007  
   6.6e-05 
  -0.058   
  -0.00072 
  -0.0007  
   0.00022 
  -0.062   
  -0.00071 
  -0.00069 
   0.00081 
   6.9e-05 
  -0.054   
  -0.0013  
   1.5e-08 
   0       
  -7.6     
   0       
   0.00072 
   0       

QACC_SMOOTH
  -9.6     
  -55      
  -8.8e+02 
   2.3e+03 
  -2.3e+03 
  -64      
  -8.5e+02 
   2.1e+03 
  -2.2e+03 
  -45      
  -8.7e+02 
   2.2e+03 
  -2.3e+03 
  -88      
   97      
  -6.3e+02 
   9.2e+02 
   2e-08   
   0       
  -9.8     
   0       
   3.2e-18 
   0       

EFC_B
  -11      
  -9.5e+02 
  -9.1e+02 
  -9.3e+02 
  -7.3e+02 
  -11      

EFC_FORCE
   6.4     
   0.06    
   0.058   
   0.062   
   0.054   
   7.6     

EFC_STATE
  1
  1
  1
  1
  1
  1

QFRC_CONSTRAINT
   6.4     
   0       
   0.06    
   0       
   0       
   0       
   0.058   
   0       
   0       
   0       
   0.062   
   0       
   0       
   0       
   0       
   0.054   
   0       
   0.005   
   0       
   7.6     
   0       
  -4.7e-06 
   0       

QFRC_INVERSE
   0       
   0       
   0       
   0       
   0       
   0       
   0       
   0       
   0       
   0       
   0       
   0       
   0       
   0       
   0       
   0       
   0       
   0       
   0       
   0       
   0       
   0       
   0       

CACC
   0         0         0         0         0         0       
   0         0         0         0         0         0       
   0         0         0         0         0         0       
   0         0         0         0         0         0       
   0         0         0         0         0         0       
   0         0         0         0         0         0       
   0         0         0         0         0         0       
   0         0         0         0         0         0       
   0         0         0         0         0         0       
   0         0         0         0         0         0       
   0         0         0         0         0         0       
   0         0         0         0         0         0       
   0         0         0         0         0         0       
   0         0         0         0         0         0       
   0         0         0         0         0         0       
   0         0         0         0         0         0       
   0         0         0         0         0         0       
   0         0         0         0         0         0       
   0         0         0         0         0         0       
   0         0         0         0         0         0       
   0         0         0         0         0         0       
   0         0         0         0         0         0       
   0         0         0         0         0         0       
   0         0         0         0         0         0       
   0         0         0         0         0         0       
   0         0         0         0         0         0       
   0         0         0         0         0         0       
   0         0         0         0         0         0       
   0         0         0         0         0         0       
   0         0         0         0         0         0       
   0         0         0         0         0         0       

CFRC_INT
   0         0         0         0         0         0       
   0         0         0         0         0         0       
   0         0         0         0         0         0       
   0         0         0         0         0         0       
   0         0         0         0         0         0       
   0         0         0         0         0         0       
   0         0         0         0         0         0       
   0         0         0         0         0         0       
   0         0         0         0         0         0       
   0         0         0         0         0         0       
   0         0         0         0         0         0       
   0         0         0         0         0         0       
   0         0         0         0         0         0       
   0         0         0         0         0         0       
   0         0         0         0         0         0       
   0         0         0         0         0         0       
   0         0         0         0         0         0       
   0         0         0         0         0         0       
   0         0         0         0         0         0       
   0         0         0         0         0         0       
   0         0         0         0         0         0       
   0         0         0         0         0         0       
   0         0         0         0         0         0       
   0         0         0         0         0         0       
   0         0         0         0         0         0       
   0         0         0         0         0         0       
   0         0         0         0         0         0       
   0         0         0         0         0         0       
   0         0         0         0         0         0       
   0         0         0         0         0         0       
   0         0         0         0         0         0       

CFRC_EXT
   0         0         0         0         0         0       
   0         0         0         0         0         0       
   0         0         0         0         0         0       
   0         0         0         0         0         0       
   0         0         0         0         0         0       
   0         0         0         0         0         0       
   0         0         0         0         0         0       
   0         0         0         0         0         0       
   0         0         0         0         0         0       
   0         0         0         0         0         0       
   0         0         0         0         0         0       
   0         0         0         0         0         0       
   0         0         0         0         0         0       
   0         0         0         0         0         0       
   0         0         0         0         0         0       
   0         0         0         0         0         0       
   0         0         0         0         0         0       
   0         0         0         0         0         0       
   0         0         0         0         0         0       
   0         0         0         0         0         0       
   0         0         0         0         0         0       
   0         0         0         0         0         0       
   0         0         0         0         0         0       
   0         0         0         0         0         0       
   0         0         0         0         0         0       
   0         0         0         0         0         0       
   0         0         0         0         0         0       
   0         0         0         0         0         0       
   0         0         0         0         0         0       
   0         0         0         0         0         0       
   0         0         0         0         0         0       

TENDON_EFCADR         5

